# California county outlines for the Caltrans district lookup.
# Read: U.S. Census Bureau 2023 cartographic boundary file, counties,
# 1:20,000,000 (cb_2023_us_county_20m.zip), public domain. Coordinates
# rounded to 4 decimals. Regenerate: uv run python tools/build_ca_county_outlines.py
# One ring per line: county name, a tab, then lon,lat pairs separated by spaces.
Alameda	-122.3337,37.8098 -122.3039,37.8301 -122.3287,37.8938 -122.2711,37.9058 -122.2259,37.8796 -122.1851,37.8374 -122.1779,37.8163 -122.0455,37.7981 -121.9402,37.7235 -121.8507,37.7449 -121.5570,37.8165 -121.5570,37.7036 -121.5567,37.5427 -121.4719,37.4818 -121.4726,37.4822 -121.8558,37.4845 -121.8701,37.4807 -121.9250,37.4542 -122.0597,37.4641 -122.0815,37.4778 -122.1172,37.5067 -122.1292,37.5213 -122.1120,37.5289 -122.1444,37.5819 -122.1529,37.6408 -122.1628,37.6673 -122.1630,37.6679 -122.2138,37.6987 -122.2498,37.7264 -122.2525,37.7551 -122.3130,37.7772 -122.3337,37.8098
Alpine	-120.0725,38.5099 -120.0724,38.7028 -119.9649,38.7760 -119.8773,38.8702 -119.9043,38.9333 -119.5877,38.7147 -119.5854,38.7132 -119.6191,38.6035 -119.5424,38.4817 -119.6392,38.3269 -119.7054,38.4161 -119.8847,38.3562 -120.0200,38.4335 -120.0726,38.4471 -120.0725,38.5099
Amador	-121.0275,38.5083 -120.8130,38.5622 -120.6276,38.5031 -120.5675,38.5073 -120.3171,38.5451 -120.2128,38.6294 -120.1401,38.6384 -120.0776,38.7089 -120.0724,38.7028 -120.0725,38.5099 -120.2057,38.5010 -120.3310,38.4652 -120.4232,38.4733 -120.6149,38.3894 -120.6313,38.3403 -120.8101,38.2820 -120.8929,38.2216 -120.9955,38.2254 -121.0271,38.3003 -121.0275,38.5083
Butte	-122.0449,39.8838 -121.8040,39.8843 -121.7032,39.9842 -121.6460,39.9825 -121.5864,40.1005 -121.4369,40.1519 -121.3668,40.0861 -121.4195,40.0158 -121.4300,39.9003 -121.3508,39.8257 -121.2109,39.7257 -121.1367,39.6282 -121.0767,39.5973 -121.1499,39.5264 -121.3051,39.5196 -121.4060,39.3406 -121.5693,39.3084 -121.6238,39.2956 -121.6381,39.3056 -121.9083,39.3039 -121.8991,39.3573 -121.8900,39.3839 -121.8565,39.5369 -121.9940,39.5339 -121.9943,39.6715 -121.9473,39.7312 -122.0465,39.7976 -122.0449,39.8838
Calaveras	-120.9955,38.2254 -120.8929,38.2216 -120.8101,38.2820 -120.6313,38.3403 -120.6149,38.3894 -120.4232,38.4733 -120.3310,38.4652 -120.2057,38.5010 -120.0725,38.5099 -120.0726,38.4471 -120.0200,38.4335 -120.1762,38.3740 -120.4425,38.0587 -120.4628,38.0119 -120.5343,37.9894 -120.5150,37.9534 -120.6533,37.8319 -120.6534,37.8320 -120.9264,38.0774 -120.9421,38.0963 -120.9955,38.2254
Colusa	-122.7851,39.3830 -122.7391,39.3833 -122.1362,39.4145 -122.0089,39.4136 -122.0097,39.3839 -121.8900,39.3839 -121.8991,39.3573 -121.9083,39.3039 -121.9455,39.1798 -121.8891,39.0724 -121.7953,38.9961 -121.8355,38.9245 -122.3402,38.9242 -122.4091,38.9628 -122.4134,39.0202 -122.4920,39.0535 -122.4761,39.1726 -122.6809,39.2387 -122.7750,39.3118 -122.7435,39.3681 -122.7851,39.3830
Contra Costa	-122.4253,37.9557 -122.3676,37.9782 -122.3689,38.0079 -122.3217,38.0103 -122.2629,38.0515 -122.2693,38.0604 -122.1240,38.0357 -121.9832,38.0673 -121.8782,38.0493 -121.8625,38.0660 -121.8157,38.0210 -121.7517,38.0243 -121.6731,38.0935 -121.5800,38.0944 -121.5576,38.0170 -121.5799,37.9761 -121.5576,37.9465 -121.5564,37.9233 -121.5728,37.9043 -121.5795,37.8611 -121.5342,37.8499 -121.5570,37.8165 -121.8507,37.7449 -121.9402,37.7235 -122.0455,37.7981 -122.1779,37.8163 -122.1851,37.8374 -122.2259,37.8796 -122.2711,37.9058 -122.3287,37.8938 -122.3345,37.9088 -122.3787,37.9052 -122.4253,37.9557
Del Norte	-124.2196,41.8464 -124.2034,41.9410 -124.2116,41.9985 -124.0012,41.9961 -123.8220,41.9956 -123.6570,41.9951 -123.5191,41.9992 -123.5654,41.9031 -123.6428,41.8894 -123.7038,41.8291 -123.6602,41.7141 -123.7192,41.5956 -123.6480,41.5350 -123.6118,41.4621 -123.6614,41.3821 -123.7702,41.3808 -123.7706,41.4642 -124.0675,41.4647 -124.0820,41.5478 -124.1160,41.6288 -124.1435,41.7093 -124.1542,41.7288 -124.1910,41.7361 -124.2450,41.7923 -124.2196,41.8464
El Dorado	-121.1416,38.7119 -121.0873,38.8333 -121.0609,38.8456 -121.0404,38.9157 -120.9403,38.9623 -120.8589,38.9523 -120.8123,39.0001 -120.7464,39.0104 -120.6425,38.9444 -120.5637,38.9137 -120.4710,38.9655 -120.4352,39.0284 -120.1841,39.0310 -120.1437,39.0673 -120.0020,39.0675 -120.0010,38.9996 -119.9043,38.9333 -119.8773,38.8702 -119.9649,38.7760 -120.0724,38.7028 -120.0776,38.7089 -120.1401,38.6384 -120.2128,38.6294 -120.3171,38.5451 -120.5675,38.5073 -120.6276,38.5031 -120.8130,38.5622 -121.0275,38.5083 -121.0414,38.5407 -121.1190,38.7179 -121.1416,38.7119
Fresno	-120.6560,36.9528 -120.5906,36.9526 -120.5417,37.0445 -120.4503,36.9112 -120.4562,36.8629 -120.3696,36.8104 -120.3703,36.7849 -120.2292,36.7697 -120.0795,36.8253 -120.0278,36.8145 -119.9847,36.8408 -119.9435,36.8340 -119.9060,36.8501 -119.8181,36.8482 -119.7339,36.9486 -119.7405,36.9702 -119.5494,37.0940 -119.5632,37.1400 -119.5067,37.1506 -119.4708,37.1105 -119.4331,37.1615 -119.3865,37.1495 -119.3306,37.2058 -119.3352,37.3108 -119.2867,37.3749 -119.0224,37.5857 -118.9171,37.5503 -118.8505,37.4758 -118.7750,37.4631 -118.7867,37.3434 -118.7160,37.3282 -118.6546,37.1418 -118.5927,37.1381 -118.4371,37.0598 -118.3608,36.8877 -118.3898,36.8345 -118.3606,36.7448 -118.9824,36.7416 -119.0144,36.6574 -119.1748,36.6589 -119.3046,36.6606 -119.3051,36.5737 -119.4663,36.5752 -119.5732,36.4888 -119.6663,36.4190 -119.7542,36.4020 -119.9592,36.4009 -119.9589,36.2555 -119.9591,36.1817 -120.3151,35.9072 -120.4331,35.9689 -120.6676,36.1381 -120.6269,36.2032 -120.6786,36.2673 -120.5966,36.3285 -120.5972,36.4882 -120.9187,36.7404 -120.6560,36.9528
Glenn	-122.9118,39.7995 -122.0465,39.7976 -121.9473,39.7312 -121.9943,39.6715 -121.9940,39.5339 -121.8565,39.5369 -121.8900,39.3839 -122.0097,39.3839 -122.0089,39.4136 -122.1362,39.4145 -122.7391,39.3833 -122.7356,39.5807 -122.8854,39.5801 -122.8927,39.7089 -122.9377,39.7982 -122.9118,39.7995
Humboldt	-124.3870,40.5050 -124.3014,40.6596 -124.1767,40.8436 -124.1181,40.9893 -124.1254,41.0485 -124.1545,41.0872 -124.1640,41.1387 -124.1227,41.1897 -124.0923,41.2877 -124.0631,41.4396 -124.0675,41.4647 -123.7706,41.4642 -123.7702,41.3808 -123.6614,41.3821 -123.4878,41.3769 -123.4083,41.1799 -123.4640,41.0763 -123.4061,41.0138 -123.4815,40.9150 -123.5602,40.9503 -123.6238,40.9294 -123.5598,40.8296 -123.5441,40.7394 -123.5445,40.0019 -124.0252,40.0013 -124.0359,40.0133 -124.0689,40.0213 -124.0871,40.0784 -124.1400,40.1163 -124.1879,40.1305 -124.2584,40.1843 -124.3431,40.2440 -124.3634,40.2610 -124.3531,40.3314 -124.3654,40.3749 -124.4096,40.4381 -124.3870,40.5050
Imperial	-116.1033,33.0747 -116.0852,33.4259 -115.4675,33.4270 -114.8308,33.4301 -114.6291,33.4335 -114.6352,33.4227 -114.6739,33.4183 -114.7253,33.4050 -114.7073,33.3766 -114.7080,33.3234 -114.7233,33.2881 -114.6745,33.2556 -114.6781,33.2303 -114.6794,33.1595 -114.7062,33.1053 -114.6708,33.0380 -114.6283,33.0311 -114.5752,33.0365 -114.5175,33.0247 -114.5113,33.0235 -114.4813,32.9721 -114.4766,32.9236 -114.4631,32.9019 -114.4690,32.8452 -114.5317,32.7825 -114.5403,32.7748 -114.5707,32.7474 -114.6157,32.7413 -114.6675,32.7342 -114.7057,32.7416 -114.7196,32.7188 -115.0008,32.6997 -115.4652,32.6671 -116.0466,32.6234 -116.1062,32.6186 -116.1033,33.0747
Inyo	-118.7750,37.4631 -117.8335,37.4649 -117.6806,37.3534 -117.2449,37.0302 -117.1660,36.9712 -117.0009,36.8477 -116.4882,36.4591 -116.3759,36.3726 -116.0936,36.1558 -115.8930,36.0000 -115.8461,35.9636 -115.6480,35.8096 -115.7359,35.7936 -116.2773,35.7934 -117.2510,35.7950 -117.6343,35.7973 -117.9244,35.7984 -118.0081,35.7889 -118.0055,35.8627 -117.9808,35.8675 -118.0036,35.9837 -118.0336,36.0089 -118.1271,36.2797 -118.1003,36.3461 -118.2148,36.4350 -118.2390,36.5236 -118.2905,36.5585 -118.2746,36.5973 -118.3663,36.6916 -118.3606,36.7448 -118.3898,36.8345 -118.3608,36.8877 -118.4371,37.0598 -118.5927,37.1381 -118.6546,37.1418 -118.7160,37.3282 -118.7867,37.3434 -118.7750,37.4631
Kern	-120.1944,35.7894 -119.5381,35.7899 -118.9185,35.7905 -118.0589,35.7915 -118.0081,35.7889 -117.9244,35.7984 -117.6343,35.7973 -117.6521,35.7099 -117.6343,35.6516 -117.6337,35.4393 -117.6313,35.4196 -117.6322,34.9909 -117.6322,34.8223 -117.6675,34.8225 -117.9167,34.8225 -118.8946,34.8180 -118.8804,34.7887 -118.9779,34.8117 -119.2425,34.8143 -119.2764,34.8725 -119.4437,34.9012 -119.4725,34.9014 -119.4726,35.0767 -119.5618,35.0878 -119.5538,35.1801 -119.6673,35.1750 -119.6666,35.2626 -119.8094,35.2637 -119.8092,35.3454 -119.8804,35.3511 -119.8800,35.4391 -119.9931,35.4395 -120.0652,35.5130 -120.0862,35.6144 -120.1940,35.6144 -120.1944,35.7894
Kings	-120.3151,35.9072 -119.9591,36.1817 -119.9589,36.2555 -119.9592,36.4009 -119.7542,36.4020 -119.6663,36.4190 -119.5732,36.4888 -119.5272,36.4889 -119.5288,36.4015 -119.4751,36.3709 -119.4754,36.3277 -119.4746,36.2690 -119.5294,36.2698 -119.5381,35.7899 -120.1944,35.7894 -120.2140,35.7893 -120.2758,35.9059 -120.3151,35.9072
Lake	-123.0778,39.1738 -122.9948,39.2359 -123.0197,39.3218 -123.0751,39.4077 -123.0632,39.5035 -122.8903,39.5290 -122.8854,39.5801 -122.7356,39.5807 -122.7391,39.3833 -122.7851,39.3830 -122.7435,39.3681 -122.7750,39.3118 -122.6809,39.2387 -122.4761,39.1726 -122.4920,39.0535 -122.4134,39.0202 -122.4091,38.9628 -122.3402,38.9242 -122.4219,38.9038 -122.3953,38.8640 -122.3742,38.8118 -122.4641,38.7061 -122.6268,38.6708 -122.7960,38.8390 -122.8216,38.8501 -122.9489,38.9002 -122.9866,38.9973 -123.0280,38.9966 -123.0930,39.0720 -123.0778,39.1738
Lassen	-121.3318,41.1839 -120.5014,41.1839 -119.9999,41.1840 -119.9992,40.8659 -119.9975,40.7210 -119.9962,40.3212 -119.9971,40.1264 -119.9976,39.9565 -119.9999,39.7224 -120.0157,39.7087 -120.1471,39.7077 -120.1106,39.7658 -120.1088,39.9395 -120.2013,40.0135 -120.2096,40.0860 -120.3414,40.1152 -120.4459,40.1769 -120.5108,40.2489 -120.6522,40.3077 -120.7644,40.3160 -120.9286,40.1919 -121.0615,40.2564 -121.0614,40.4465 -121.3278,40.4454 -121.3200,40.9059 -121.3318,41.1839
Los Angeles	-118.5940,33.4672 -118.4848,33.4875 -118.3703,33.4093 -118.2863,33.3515 -118.3252,33.2991 -118.3748,33.3201 -118.4654,33.3261 -118.4826,33.3699 -118.5634,33.4344 -118.5940,33.4672
Los Angeles	-118.5940,33.0360 -118.5401,32.9809 -118.4468,32.8954 -118.3535,32.8220 -118.4256,32.8006 -118.4879,32.8446 -118.5815,32.9317 -118.6416,33.0171 -118.5940,33.0360
Los Angeles	-118.9410,34.0748 -118.8565,34.1268 -118.7889,34.1682 -118.6938,34.1686 -118.6680,34.1992 -118.6678,34.2223 -118.6325,34.2404 -118.6335,34.2695 -118.6368,34.2918 -118.8804,34.7887 -118.8946,34.8180 -117.9167,34.8225 -117.6675,34.8225 -117.6552,34.3972 -117.6552,34.3970 -117.6464,34.2892 -117.6936,34.1216 -117.7112,34.0795 -117.7294,34.0255 -117.7460,34.0201 -117.7677,34.0235 -117.8024,33.9683 -117.7833,33.9463 -117.8684,33.9459 -117.9200,33.9461 -117.9765,33.9460 -117.9766,33.9064 -118.0288,33.8733 -118.0590,33.8462 -118.0930,33.7861 -118.1151,33.7438 -118.1327,33.7532 -118.1837,33.7361 -118.2319,33.7153 -118.2587,33.7037 -118.3172,33.7128 -118.3333,33.7212 -118.3547,33.7323 -118.3966,33.7359 -118.4284,33.7747 -118.3943,33.8043 -118.4127,33.8839 -118.4606,33.9691 -118.5173,34.0253 -118.5195,34.0275 -118.6036,34.0390 -118.6794,34.0333 -118.7450,34.0321 -118.8051,34.0012 -118.8547,34.0342 -118.9445,34.0467 -118.9410,34.0748
Madera	-120.4767,37.0964 -120.2412,37.1582 -120.1151,37.1657 -120.0521,37.1831 -119.7618,37.4171 -119.6512,37.4178 -119.6512,37.4614 -119.5842,37.4947 -119.5836,37.5603 -119.3090,37.7780 -119.2690,37.7392 -119.1243,37.7339 -119.0224,37.5857 -119.2867,37.3749 -119.3352,37.3108 -119.3306,37.2058 -119.3865,37.1495 -119.4331,37.1615 -119.4708,37.1105 -119.5067,37.1506 -119.5632,37.1400 -119.5494,37.0940 -119.7405,36.9702 -119.7339,36.9486 -119.8181,36.8482 -119.9060,36.8501 -119.9435,36.8340 -119.9847,36.8408 -120.0278,36.8145 -120.0795,36.8253 -120.2292,36.7697 -120.3703,36.7849 -120.3696,36.8104 -120.4562,36.8629 -120.4503,36.9112 -120.5417,37.0445 -120.4767,37.0964
Marin	-123.0115,38.0034 -122.9609,38.1130 -122.9536,38.1757 -122.9871,38.2375 -122.9863,38.2732 -123.0031,38.2957 -122.9113,38.3212 -122.7399,38.2070 -122.5454,38.1587 -122.4885,38.1091 -122.4913,38.1081 -122.4995,38.0322 -122.4530,37.9962 -122.4887,37.9667 -122.4864,37.9219 -122.4484,37.8934 -122.4185,37.8527 -122.4835,37.8267 -122.5373,37.8303 -122.6013,37.8751 -122.6785,37.9066 -122.7026,37.8938 -122.7546,37.9355 -122.7974,37.9767 -122.8566,38.0167 -122.9397,38.0319 -122.9744,37.9924 -123.0115,38.0034
Mariposa	-120.3919,37.6836 -120.3063,37.6654 -120.3454,37.7248 -120.1272,37.7816 -120.0795,37.8288 -119.9070,37.7579 -119.8094,37.7550 -119.6672,37.8012 -119.6462,37.8468 -119.5357,37.9041 -119.4743,37.8556 -119.4268,37.8667 -119.3090,37.7780 -119.5836,37.5603 -119.5842,37.4947 -119.6512,37.4614 -119.6512,37.4178 -119.7618,37.4171 -120.0521,37.1831 -120.1776,37.2615 -120.3877,37.6334 -120.3876,37.6337 -120.3919,37.6836
Mendocino	-124.0252,40.0013 -123.5445,40.0019 -123.5446,39.9770 -122.9340,39.9781 -122.9098,39.9364 -122.9501,39.9077 -122.9377,39.7982 -122.8927,39.7089 -122.8854,39.5801 -122.8903,39.5290 -123.0632,39.5035 -123.0751,39.4077 -123.0197,39.3218 -122.9948,39.2359 -123.0778,39.1738 -123.0930,39.0720 -123.0280,38.9966 -122.9866,38.9973 -122.9489,38.9002 -122.8216,38.8501 -123.0810,38.8524 -123.1363,38.8091 -123.3684,38.8066 -123.5409,38.7677 -123.5720,38.7982 -123.6386,38.8439 -123.6598,38.8725 -123.7105,38.9132 -123.7329,38.9550 -123.6907,39.0213 -123.7215,39.1253 -123.7659,39.1937 -123.7990,39.2714 -123.8253,39.3608 -123.8147,39.4465 -123.7665,39.5528 -123.7823,39.6215 -123.7927,39.6841 -123.8295,39.7231 -123.8517,39.8320 -123.9077,39.8630 -123.9550,39.9224 -124.0252,40.0013
Merced	-121.2268,37.1348 -120.9638,37.3461 -120.9898,37.3959 -120.8156,37.4670 -120.3877,37.6334 -120.1776,37.2615 -120.0521,37.1831 -120.1151,37.1657 -120.2412,37.1582 -120.4767,37.0964 -120.5417,37.0445 -120.5906,36.9526 -120.6560,36.9528 -120.9187,36.7404 -121.1415,36.8367 -121.2347,36.9269 -121.2154,36.9612 -121.2459,36.9830 -121.2268,37.1348
Modoc	-121.4572,41.9499 -121.4475,41.9972 -121.4396,41.9971 -121.2511,41.9976 -121.0352,41.9933 -120.8799,41.9935 -120.6922,41.9937 -120.5011,41.9938 -120.1816,41.9946 -119.9992,41.9945 -119.9993,41.8749 -119.9983,41.6188 -119.9999,41.1840 -120.5014,41.1839 -121.3318,41.1839 -121.4465,41.1835 -121.4490,41.7764 -121.4572,41.9499
Mono	-119.6392,38.3269 -119.5424,38.4817 -119.6191,38.6035 -119.5854,38.7132 -119.3304,38.5355 -119.2793,38.4999 -119.1558,38.4134 -118.9497,38.2689 -118.5010,37.9490 -118.4280,37.8962 -118.0222,37.6026 -117.8335,37.4649 -118.7750,37.4631 -118.8505,37.4758 -118.9171,37.5503 -119.0224,37.5857 -119.1243,37.7339 -119.2690,37.7392 -119.2013,37.8043 -119.2003,37.8858 -119.3084,37.9468 -119.3046,38.0239 -119.3459,38.0831 -119.4637,38.0983 -119.4695,38.1283 -119.5765,38.1577 -119.6327,38.1989 -119.6042,38.2350 -119.6515,38.2865 -119.6392,38.3269
Monterey	-121.9704,36.5828 -121.9239,36.6346 -121.8606,36.6111 -121.8145,36.6829 -121.7968,36.7775 -121.7915,36.8152 -121.8127,36.8500 -121.7938,36.8795 -121.7575,36.9000 -121.7541,36.9028 -121.6558,36.9131 -121.6440,36.8940 -121.5977,36.8374 -121.4513,36.7248 -121.4681,36.6855 -121.3501,36.6484 -121.3184,36.6100 -121.3118,36.5027 -121.2441,36.5069 -121.1935,36.4458 -121.0408,36.3240 -121.0272,36.2599 -120.9206,36.3110 -120.8651,36.2926 -120.7615,36.2036 -120.7182,36.1968 -120.7177,36.2600 -120.7583,36.3086 -120.6786,36.2673 -120.6269,36.2032 -120.6676,36.1381 -120.4331,35.9689 -120.3151,35.9072 -120.2758,35.9059 -120.2140,35.7893 -121.1851,35.7942 -121.3471,35.7952 -121.4068,35.8446 -121.4623,35.8856 -121.4862,35.9703 -121.5319,36.0144 -121.5746,36.0252 -121.6220,36.0997 -121.6801,36.1658 -121.7799,36.2274 -121.8264,36.2419 -121.8885,36.3028 -121.9032,36.3936 -121.9416,36.4856 -121.9704,36.5828
Napa	-122.6268,38.6708 -122.4641,38.7061 -122.3742,38.8118 -122.3953,38.8640 -122.2877,38.8400 -122.1344,38.6046 -122.1041,38.5134 -122.1264,38.4292 -122.0648,38.3159 -122.2061,38.3158 -122.1954,38.1550 -122.4068,38.1556 -122.3496,38.1940 -122.4481,38.3795 -122.5296,38.4696 -122.6466,38.5991 -122.6268,38.6708
Nevada	-121.2797,39.1433 -121.2661,39.2727 -121.1275,39.3802 -121.0221,39.3916 -120.7557,39.4527 -120.6543,39.5269 -120.5751,39.5223 -120.5054,39.4461 -120.0030,39.4450 -120.0048,39.3165 -120.6458,39.3152 -120.6911,39.3041 -120.8579,39.2062 -120.9863,39.1022 -121.0675,39.0054 -121.1374,39.0379 -121.2218,39.0120 -121.2795,39.0346 -121.2797,39.1433
Orange	-118.0930,33.7861 -118.0590,33.8462 -118.0288,33.8733 -117.9766,33.9064 -117.9765,33.9460 -117.9200,33.9461 -117.8684,33.9459 -117.7833,33.9463 -117.6730,33.8710 -117.6621,33.8575 -117.5340,33.7104 -117.4130,33.6590 -117.4579,33.6022 -117.4927,33.5577 -117.5097,33.5050 -117.5086,33.4696 -117.5785,33.4539 -117.5962,33.3870 -117.6456,33.4407 -117.7153,33.4606 -117.7265,33.4834 -117.7391,33.4933 -117.8142,33.5522 -117.8403,33.5735 -117.9271,33.6055 -118.0006,33.6543 -118.0889,33.7298 -118.1151,33.7438 -118.0930,33.7861
Placer	-121.4694,38.9260 -121.4144,38.9262 -121.4148,38.9965 -121.3060,39.0529 -121.2795,39.0346 -121.2218,39.0120 -121.1374,39.0379 -121.0675,39.0054 -120.9863,39.1022 -120.8579,39.2062 -120.6911,39.3041 -120.6458,39.3152 -120.0048,39.3165 -120.0051,39.2913 -120.0034,39.1656 -120.0026,39.1127 -120.0020,39.0675 -120.1437,39.0673 -120.1841,39.0310 -120.4352,39.0284 -120.4710,38.9655 -120.5637,38.9137 -120.6425,38.9444 -120.7464,39.0104 -120.8123,39.0001 -120.8589,38.9523 -120.9403,38.9623 -121.0404,38.9157 -121.0609,38.8456 -121.0873,38.8333 -121.1416,38.7119 -121.2428,38.7182 -121.4844,38.7346 -121.4694,38.9260
Plumas	-121.4976,40.4456 -121.3615,40.4468 -121.3278,40.4454 -121.0614,40.4465 -121.0615,40.2564 -120.9286,40.1919 -120.7644,40.3160 -120.6522,40.3077 -120.5108,40.2489 -120.4459,40.1769 -120.3414,40.1152 -120.2096,40.0860 -120.2013,40.0135 -120.1088,39.9395 -120.1106,39.7658 -120.1471,39.7077 -120.6542,39.7066 -120.6808,39.6768 -120.7925,39.7098 -120.8710,39.7768 -121.0095,39.6395 -121.0767,39.5973 -121.1367,39.6282 -121.2109,39.7257 -121.3508,39.8257 -121.4300,39.9003 -121.4195,40.0158 -121.3668,40.0861 -121.4369,40.1519 -121.3684,40.2122 -121.3423,40.3098 -121.4704,40.3502 -121.4976,40.4456
Riverside	-117.6730,33.8710 -117.6554,33.9243 -117.6109,33.9251 -117.6109,33.9460 -117.6109,33.9718 -117.5502,34.0335 -117.4015,34.0340 -117.3754,34.0194 -117.2961,34.0183 -117.2254,34.0053 -117.1996,34.0041 -116.9336,34.0049 -116.9296,34.0341 -116.3006,34.0325 -115.3162,34.0341 -115.3161,34.0778 -115.1361,34.0797 -114.4563,34.0799 -114.4301,34.0789 -114.4355,34.0426 -114.4548,34.0110 -114.5096,33.9573 -114.5350,33.9285 -114.5087,33.9006 -114.5056,33.8643 -114.5205,33.8278 -114.5049,33.7605 -114.4966,33.7192 -114.5050,33.6930 -114.5252,33.6616 -114.5292,33.6067 -114.5246,33.5522 -114.5973,33.4907 -114.6291,33.4335 -114.8308,33.4301 -115.4675,33.4270 -116.0852,33.4259 -116.1976,33.4289 -116.6230,33.4273 -117.2249,33.4320 -117.3643,33.5050 -117.5097,33.5050 -117.4927,33.5577 -117.4579,33.6022 -117.4130,33.6590 -117.5340,33.7104 -117.6621,33.8575 -117.6730,33.8710
Sacramento	-121.8616,38.0699 -121.7121,38.0855 -121.6567,38.1831 -121.6145,38.1965 -121.5933,38.3131 -121.5767,38.3275 -121.5216,38.3601 -121.5087,38.5968 -121.5536,38.6033 -121.6338,38.6862 -121.6029,38.7358 -121.4844,38.7346 -121.2428,38.7182 -121.1416,38.7119 -121.1190,38.7179 -121.0414,38.5407 -121.0275,38.5083 -121.0271,38.3003 -121.1731,38.2552 -121.3440,38.2283 -121.4757,38.2581 -121.5800,38.0944 -121.6731,38.0935 -121.7517,38.0243 -121.8157,38.0210 -121.8625,38.0660 -121.8616,38.0699
San Benito	-121.6440,36.8940 -121.5814,36.8992 -121.4889,36.9831 -121.4182,36.9605 -121.2154,36.9612 -121.2347,36.9269 -121.1415,36.8367 -120.9187,36.7404 -120.5972,36.4882 -120.5966,36.3285 -120.6786,36.2673 -120.7583,36.3086 -120.7177,36.2600 -120.7182,36.1968 -120.7615,36.2036 -120.8651,36.2926 -120.9206,36.3110 -121.0272,36.2599 -121.0408,36.3240 -121.1935,36.4458 -121.2441,36.5069 -121.3118,36.5027 -121.3184,36.6100 -121.3501,36.6484 -121.4681,36.6855 -121.4513,36.7248 -121.5977,36.8374 -121.6440,36.8940
San Bernardino	-117.8024,33.9683 -117.7677,34.0235 -117.7460,34.0201 -117.7294,34.0255 -117.7112,34.0795 -117.6936,34.1216 -117.6464,34.2892 -117.6552,34.3970 -117.6552,34.3972 -117.6675,34.8225 -117.6322,34.8223 -117.6322,34.9909 -117.6313,35.4196 -117.6337,35.4393 -117.6343,35.6516 -117.6521,35.7099 -117.6343,35.7973 -117.2510,35.7950 -116.2773,35.7934 -115.7359,35.7936 -115.6480,35.8096 -115.6477,35.8094 -115.4045,35.6176 -115.3037,35.5382 -115.1601,35.4241 -115.0438,35.3320 -114.9482,35.2552 -114.8042,35.1397 -114.6335,35.0019 -114.6298,34.9430 -114.6344,34.8729 -114.5765,34.8153 -114.4910,34.7248 -114.4652,34.6912 -114.4224,34.5807 -114.3782,34.5165 -114.3789,34.4504 -114.3354,34.4500 -114.2643,34.4013 -114.1728,34.3450 -114.1409,34.3059 -114.1408,34.3031 -114.1391,34.2595 -114.1780,34.2400 -114.2297,34.1869 -114.2928,34.1667 -114.3481,34.1345 -114.4059,34.1115 -114.4280,34.0928 -114.4301,34.0789 -114.4563,34.0799 -115.1361,34.0797 -115.3161,34.0778 -115.3162,34.0341 -116.3006,34.0325 -116.9296,34.0341 -116.9336,34.0049 -117.1996,34.0041 -117.2254,34.0053 -117.2961,34.0183 -117.3754,34.0194 -117.4015,34.0340 -117.5502,34.0335 -117.6109,33.9718 -117.6109,33.9460 -117.6109,33.9251 -117.6554,33.9243 -117.6730,33.8710 -117.7833,33.9463 -117.8024,33.9683
San Diego	-117.5962,33.3870 -117.5785,33.4539 -117.5086,33.4696 -117.5097,33.5050 -117.3643,33.5050 -117.2249,33.4320 -116.6230,33.4273 -116.1976,33.4289 -116.0852,33.4259 -116.1033,33.0747 -116.1062,32.6186 -116.5406,32.5837 -116.6270,32.5763 -116.8532,32.5578 -116.8572,32.5575 -117.1249,32.5342 -117.1320,32.5856 -117.1367,32.6188 -117.1689,32.6720 -117.1968,32.6889 -117.2461,32.6694 -117.2552,32.7001 -117.2550,32.7869 -117.2810,32.8222 -117.2822,32.8395 -117.2739,32.8514 -117.2629,32.8493 -117.2562,32.8594 -117.2545,32.9001 -117.2637,32.9395 -117.2808,33.0123 -117.3153,33.0935 -117.3626,33.1684 -117.4456,33.2685 -117.5477,33.3655 -117.5959,33.3866 -117.5962,33.3870
San Francisco	-122.5120,37.7711 -122.4654,37.8009 -122.3981,37.8056 -122.3853,37.7907 -122.3765,37.7386 -122.3568,37.7295 -122.3617,37.7150 -122.3898,37.7083 -122.3951,37.7083 -122.4691,37.7082 -122.5007,37.7081 -122.5120,37.7711
San Joaquin	-121.5800,38.0944 -121.4757,38.2581 -121.3440,38.2283 -121.1731,38.2552 -121.0271,38.3003 -120.9955,38.2254 -120.9421,38.0963 -120.9264,38.0774 -120.9233,37.7936 -120.9206,37.7385 -120.9958,37.7602 -121.1102,37.7301 -121.1510,37.7195 -121.1811,37.6881 -121.2412,37.6640 -121.4719,37.4818 -121.5567,37.5427 -121.5570,37.7036 -121.5570,37.8165 -121.5342,37.8499 -121.5795,37.8611 -121.5728,37.9043 -121.5564,37.9233 -121.5576,37.9465 -121.5799,37.9761 -121.5576,38.0170 -121.5800,38.0944
San Luis Obispo	-121.3471,35.7952 -121.1851,35.7942 -120.2140,35.7893 -120.1944,35.7894 -120.1940,35.6144 -120.0862,35.6144 -120.0652,35.5130 -119.9931,35.4395 -119.8800,35.4391 -119.8804,35.3511 -119.8092,35.3454 -119.8094,35.2637 -119.6666,35.2626 -119.6673,35.1750 -119.5538,35.1801 -119.5618,35.0878 -119.4726,35.0767 -119.4725,34.9014 -119.5358,34.8976 -119.6730,34.9734 -119.7456,34.9737 -119.9284,35.0598 -119.9801,35.0576 -120.0821,35.1147 -120.1676,35.0753 -120.1884,35.0304 -120.3345,35.0063 -120.3018,34.9056 -120.4355,34.9868 -120.4962,34.9932 -120.6503,34.9752 -120.6336,35.0331 -120.6296,35.0784 -120.6358,35.1238 -120.6751,35.1531 -120.7142,35.1760 -120.7561,35.1605 -120.8467,35.2044 -120.8968,35.2479 -120.8796,35.2942 -120.8621,35.3608 -120.8848,35.4302 -120.9559,35.4537 -120.9842,35.4579 -121.0034,35.4607 -121.1142,35.5717 -121.1667,35.6354 -121.2723,35.6667 -121.3146,35.7133 -121.3324,35.7831 -121.3471,35.7952
San Mateo	-122.5181,37.5761 -122.4968,37.6121 -122.4968,37.6656 -122.4968,37.6864 -122.5007,37.7081 -122.4691,37.7082 -122.3951,37.7083 -122.3898,37.7083 -122.3932,37.7075 -122.3602,37.5925 -122.2444,37.5581 -122.1684,37.5041 -122.1292,37.5213 -122.1172,37.5067 -122.0815,37.4778 -122.1449,37.4582 -122.1459,37.4571 -122.1475,37.4565 -122.1487,37.4571 -122.1518,37.4571 -122.1527,37.4576 -122.1544,37.4559 -122.1559,37.4554 -122.1557,37.4542 -122.1577,37.4535 -122.1595,37.4547 -122.1607,37.4539 -122.1628,37.4538 -122.1643,37.4525 -122.1652,37.4530 -122.1658,37.4509 -122.1672,37.4510 -122.1676,37.4492 -122.1689,37.4474 -122.1694,37.4478 -122.1717,37.4468 -122.1745,37.4445 -122.1757,37.4419 -122.1778,37.4411 -122.1797,37.4411 -122.1801,37.4393 -122.1823,37.4394 -122.1835,37.4369 -122.1833,37.4361 -122.1851,37.4338 -122.1877,37.4333 -122.1884,37.4321 -122.1904,37.4315 -122.1922,37.3191 -122.1523,37.2861 -122.1528,37.2154 -122.3177,37.1869 -122.2943,37.1051 -122.3230,37.1155 -122.3440,37.1441 -122.3971,37.1872 -122.4185,37.2485 -122.4013,37.3370 -122.4093,37.3748 -122.4437,37.4359 -122.4460,37.4615 -122.4938,37.4923 -122.5167,37.5213 -122.5181,37.5761
Santa Barbara	-119.9162,34.0584 -119.8573,34.0713 -119.7395,34.0493 -119.5667,34.0535 -119.4707,34.0540 -119.4877,33.9965 -119.5545,33.9978 -119.6628,33.9859 -119.7212,33.9596 -119.7959,33.9629 -119.8734,33.9804 -119.8769,34.0235 -119.9162,34.0584
Santa Barbara	-120.3683,34.0765 -120.2425,34.0572 -120.1359,34.0261 -120.0551,34.0377 -119.9843,33.9839 -119.9737,33.9425 -120.0497,33.9146 -120.1218,33.8957 -120.1790,33.9280 -120.2001,33.9569 -120.3648,33.9918 -120.4541,34.0281 -120.3683,34.0765
Santa Barbara	-120.6503,34.9752 -120.4962,34.9932 -120.4355,34.9868 -120.3018,34.9056 -120.3345,35.0063 -120.1884,35.0304 -120.1676,35.0753 -120.0821,35.1147 -119.9801,35.0576 -119.9284,35.0598 -119.7456,34.9737 -119.6730,34.9734 -119.5358,34.8976 -119.4725,34.9014 -119.4437,34.9012 -119.4404,34.4418 -119.4514,34.3981 -119.4779,34.3788 -119.5370,34.3955 -119.6169,34.4210 -119.6847,34.4083 -119.7091,34.3954 -119.7859,34.4160 -119.8358,34.4158 -119.8740,34.4088 -119.9720,34.4446 -120.0507,34.4617 -120.1412,34.4734 -120.2951,34.4706 -120.4514,34.4471 -120.5114,34.5230 -120.5501,34.5428 -120.5813,34.5570 -120.6226,34.5540 -120.6457,34.5810 -120.6020,34.6921 -120.6149,34.7307 -120.6263,34.7381 -120.6103,34.8582 -120.6708,34.9041 -120.6503,34.9752
Santa Clara	-122.1904,37.4315 -122.1884,37.4321 -122.1877,37.4333 -122.1851,37.4338 -122.1833,37.4361 -122.1835,37.4369 -122.1823,37.4394 -122.1801,37.4393 -122.1797,37.4411 -122.1778,37.4411 -122.1757,37.4419 -122.1745,37.4445 -122.1717,37.4468 -122.1694,37.4478 -122.1689,37.4474 -122.1676,37.4492 -122.1672,37.4510 -122.1658,37.4509 -122.1652,37.4530 -122.1643,37.4525 -122.1628,37.4538 -122.1607,37.4539 -122.1595,37.4547 -122.1577,37.4535 -122.1557,37.4542 -122.1559,37.4554 -122.1544,37.4559 -122.1527,37.4576 -122.1518,37.4571 -122.1487,37.4571 -122.1475,37.4565 -122.1459,37.4571 -122.1449,37.4582 -122.0815,37.4778 -122.0597,37.4641 -121.9250,37.4542 -121.8701,37.4807 -121.8558,37.4845 -121.4726,37.4822 -121.4097,37.3820 -121.4591,37.2827 -121.4046,37.1560 -121.2823,37.1837 -121.2268,37.1348 -121.2459,36.9830 -121.2154,36.9612 -121.4182,36.9605 -121.4889,36.9831 -121.5814,36.8992 -121.5835,36.9193 -121.6962,36.9806 -121.7387,36.9900 -121.7261,37.0213 -121.8240,37.0876 -121.9662,37.1357 -122.0262,37.1669 -122.1523,37.2861 -122.1922,37.3191 -122.1904,37.4315
Santa Cruz	-122.3177,37.1869 -122.1528,37.2154 -122.1523,37.2861 -122.0262,37.1669 -121.9662,37.1357 -121.8240,37.0876 -121.7261,37.0213 -121.7387,36.9900 -121.6962,36.9806 -121.5835,36.9193 -121.5814,36.8992 -121.6440,36.8940 -121.6558,36.9131 -121.7541,36.9028 -121.7575,36.9000 -121.7938,36.8795 -121.8127,36.8500 -121.8623,36.9316 -121.9065,36.9689 -121.9517,36.9714 -122.0272,36.9511 -122.1060,36.9560 -122.2062,37.0139 -122.2605,37.0725 -122.2849,37.1017 -122.2943,37.1051 -122.3177,37.1869
Shasta	-123.0688,40.3322 -122.9987,40.4181 -122.9037,40.4451 -122.8460,40.5052 -122.6953,40.5725 -122.7522,40.6890 -122.6698,40.7736 -122.6661,40.8259 -122.6005,40.8997 -122.6074,40.9577 -122.5278,41.0144 -122.5134,41.0882 -122.4571,41.0966 -122.4455,41.1579 -122.4984,41.1827 -121.4465,41.1835 -121.3318,41.1839 -121.3200,40.9059 -121.3278,40.4454 -121.3615,40.4468 -121.4976,40.4456 -121.6463,40.4347 -121.8065,40.4449 -121.9410,40.4153 -122.0103,40.4266 -122.3104,40.3711 -122.4450,40.3734 -122.5240,40.3945 -122.6513,40.3283 -122.7494,40.3655 -122.8728,40.3488 -122.9185,40.3068 -122.9765,40.3152 -123.0654,40.2870 -123.0688,40.3322
Sierra	-121.0582,39.5370 -121.0095,39.6395 -120.8710,39.7768 -120.7925,39.7098 -120.6808,39.6768 -120.6542,39.7066 -120.1471,39.7077 -120.0157,39.7087 -119.9999,39.7224 -120.0017,39.5389 -120.0030,39.4450 -120.5054,39.4461 -120.5751,39.5223 -120.6543,39.5269 -120.7557,39.4527 -121.0221,39.3916 -121.0582,39.5370
Siskiyou	-123.6602,41.7141 -123.7038,41.8291 -123.6428,41.8894 -123.5654,41.9031 -123.5191,41.9992 -123.4348,42.0016 -123.3476,41.9991 -123.2310,42.0050 -123.1460,42.0092 -123.0453,42.0030 -122.8001,42.0041 -122.5011,42.0085 -122.2897,42.0078 -122.2895,42.0078 -122.1019,42.0058 -121.8467,42.0031 -121.6753,42.0004 -121.4475,41.9972 -121.4572,41.9499 -121.4490,41.7764 -121.4465,41.1835 -122.4984,41.1827 -122.5226,41.2135 -122.5039,41.3430 -122.5852,41.3590 -122.6537,41.2892 -122.8113,41.2025 -122.8859,41.2051 -122.9734,41.1121 -122.8974,41.0285 -122.9175,40.9940 -123.0368,41.0041 -123.1091,41.0754 -123.2395,41.0758 -123.2734,41.1229 -123.4083,41.1799 -123.4878,41.3769 -123.6614,41.3821 -123.6118,41.4621 -123.6480,41.5350 -123.7192,41.5956 -123.6602,41.7141
Solano	-122.4068,38.1556 -122.1954,38.1550 -122.2061,38.3158 -122.0648,38.3159 -122.1264,38.4292 -122.1041,38.5134 -122.0117,38.4890 -121.9403,38.5334 -121.7120,38.5380 -121.6937,38.3137 -121.5941,38.3131 -121.5933,38.3131 -121.6145,38.1965 -121.6567,38.1831 -121.7121,38.0855 -121.8616,38.0699 -121.8625,38.0660 -121.8782,38.0493 -121.9832,38.0673 -122.1240,38.0357 -122.2693,38.0604 -122.3018,38.1051 -122.3936,38.1434 -122.3976,38.1420 -122.4068,38.1556
Sonoma	-123.5409,38.7677 -123.3684,38.8066 -123.1363,38.8091 -123.0810,38.8524 -122.8216,38.8501 -122.7960,38.8390 -122.6268,38.6708 -122.6466,38.5991 -122.5296,38.4696 -122.4481,38.3795 -122.3496,38.1940 -122.4068,38.1556 -122.3976,38.1420 -122.4885,38.1091 -122.5454,38.1587 -122.7399,38.2070 -122.9113,38.3212 -123.0031,38.2957 -123.0041,38.2970 -123.0535,38.2994 -123.0684,38.3352 -123.0856,38.3905 -123.1664,38.4749 -123.2498,38.5110 -123.3319,38.5655 -123.3496,38.5968 -123.4418,38.6997 -123.5148,38.7420 -123.5409,38.7677
Stanislaus	-121.4719,37.4818 -121.2412,37.6640 -121.1811,37.6881 -121.1510,37.7195 -121.1102,37.7301 -120.9958,37.7602 -120.9206,37.7385 -120.9233,37.7936 -120.9264,38.0774 -120.6534,37.8320 -120.6533,37.8319 -120.3876,37.6337 -120.3877,37.6334 -120.8156,37.4670 -120.9898,37.3959 -120.9638,37.3461 -121.2268,37.1348 -121.2823,37.1837 -121.4046,37.1560 -121.4591,37.2827 -121.4097,37.3820 -121.4726,37.4822 -121.4719,37.4818
Sutter	-121.9083,39.3039 -121.6381,39.3056 -121.6238,39.2956 -121.5859,39.0897 -121.6101,39.0578 -121.5754,38.9183 -121.5433,38.9724 -121.4148,38.9965 -121.4144,38.9262 -121.4694,38.9260 -121.4844,38.7346 -121.6029,38.7358 -121.6735,38.7430 -121.7231,38.8513 -121.8148,38.8766 -121.8355,38.9245 -121.7953,38.9961 -121.8891,39.0724 -121.9455,39.1798 -121.9083,39.3039
Tehama	-123.0654,40.2870 -122.9765,40.3152 -122.9185,40.3068 -122.8728,40.3488 -122.7494,40.3655 -122.6513,40.3283 -122.5240,40.3945 -122.4450,40.3734 -122.3104,40.3711 -122.0103,40.4266 -121.9410,40.4153 -121.8065,40.4449 -121.6463,40.4347 -121.4976,40.4456 -121.4704,40.3502 -121.3423,40.3098 -121.3684,40.2122 -121.4369,40.1519 -121.5864,40.1005 -121.6460,39.9825 -121.7032,39.9842 -121.8040,39.8843 -122.0449,39.8838 -122.0465,39.7976 -122.9118,39.7995 -122.9377,39.7982 -122.9501,39.9077 -122.9098,39.9364 -122.9340,39.9781 -122.9896,40.1455 -122.9775,40.2413 -123.0654,40.2870
Trinity	-123.5602,40.9503 -123.4815,40.9150 -123.4061,41.0138 -123.4640,41.0763 -123.4083,41.1799 -123.2734,41.1229 -123.2395,41.0758 -123.1091,41.0754 -123.0368,41.0041 -122.9175,40.9940 -122.8974,41.0285 -122.9734,41.1121 -122.8859,41.2051 -122.8113,41.2025 -122.6537,41.2892 -122.5852,41.3590 -122.5039,41.3430 -122.5226,41.2135 -122.4984,41.1827 -122.4455,41.1579 -122.4571,41.0966 -122.5134,41.0882 -122.5278,41.0144 -122.6074,40.9577 -122.6005,40.8997 -122.6661,40.8259 -122.6698,40.7736 -122.7522,40.6890 -122.6953,40.5725 -122.8460,40.5052 -122.9037,40.4451 -122.9987,40.4181 -123.0688,40.3322 -123.0654,40.2870 -122.9775,40.2413 -122.9896,40.1455 -122.9340,39.9781 -123.5446,39.9770 -123.5445,40.0019 -123.5441,40.7394 -123.5598,40.8296 -123.6238,40.9294 -123.5602,40.9503
Tulare	-119.5732,36.4888 -119.4663,36.5752 -119.3051,36.5737 -119.3046,36.6606 -119.1748,36.6589 -119.0144,36.6574 -118.9824,36.7416 -118.3606,36.7448 -118.3663,36.6916 -118.2746,36.5973 -118.2905,36.5585 -118.2390,36.5236 -118.2148,36.4350 -118.1003,36.3461 -118.1271,36.2797 -118.0336,36.0089 -118.0036,35.9837 -117.9808,35.8675 -118.0055,35.8627 -118.0081,35.7889 -118.0589,35.7915 -118.9185,35.7905 -119.5381,35.7899 -119.5294,36.2698 -119.4746,36.2690 -119.4754,36.3277 -119.4751,36.3709 -119.5288,36.4015 -119.5272,36.4889 -119.5732,36.4888
Tuolumne	-120.5150,37.9534 -120.5343,37.9894 -120.4628,38.0119 -120.4425,38.0587 -120.1762,38.3740 -120.0200,38.4335 -119.8847,38.3562 -119.7054,38.4161 -119.6392,38.3269 -119.6515,38.2865 -119.6042,38.2350 -119.6327,38.1989 -119.5765,38.1577 -119.4695,38.1283 -119.4637,38.0983 -119.3459,38.0831 -119.3046,38.0239 -119.3084,37.9468 -119.2003,37.8858 -119.2013,37.8043 -119.2690,37.7392 -119.3090,37.7780 -119.4268,37.8667 -119.4743,37.8556 -119.5357,37.9041 -119.6462,37.8468 -119.6672,37.8012 -119.8094,37.7550 -119.9070,37.7579 -120.0795,37.8288 -120.1272,37.7816 -120.3454,37.7248 -120.3063,37.6654 -120.3919,37.6836 -120.3876,37.6337 -120.6533,37.8319 -120.5150,37.9534
Ventura	-119.4779,34.3788 -119.4514,34.3981 -119.4404,34.4418 -119.4437,34.9012 -119.2764,34.8725 -119.2425,34.8143 -118.9779,34.8117 -118.8804,34.7887 -118.6368,34.2918 -118.6335,34.2695 -118.6325,34.2404 -118.6678,34.2223 -118.6680,34.1992 -118.6938,34.1686 -118.7889,34.1682 -118.8565,34.1268 -118.9410,34.0748 -118.9445,34.0467 -118.9547,34.0482 -119.0700,34.0905 -119.1098,34.0946 -119.2277,34.1617 -119.2570,34.2133 -119.2646,34.2361 -119.2701,34.2529 -119.3130,34.2757 -119.3758,34.3211 -119.4610,34.3741 -119.4779,34.3788
Ventura	-119.4707,34.0540 -119.4427,34.0542 -119.3642,34.0508 -119.3631,34.0005 -119.3916,33.9946 -119.4877,33.9965 -119.4707,34.0540
Ventura	-119.5789,33.2786 -119.5105,33.3073 -119.4272,33.2660 -119.4296,33.2282 -119.4647,33.2154 -119.5459,33.2334 -119.5789,33.2786
Yolo	-122.4219,38.9038 -122.3402,38.9242 -121.8355,38.9245 -121.8148,38.8766 -121.7231,38.8513 -121.6735,38.7430 -121.6029,38.7358 -121.6338,38.6862 -121.5536,38.6033 -121.5087,38.5968 -121.5216,38.3601 -121.5767,38.3275 -121.5933,38.3131 -121.5941,38.3131 -121.6937,38.3137 -121.7120,38.5380 -121.9403,38.5334 -122.0117,38.4890 -122.1041,38.5134 -122.1344,38.6046 -122.2877,38.8400 -122.3953,38.8640 -122.4219,38.9038
Yuba	-121.6238,39.2956 -121.5693,39.3084 -121.4060,39.3406 -121.3051,39.5196 -121.1499,39.5264 -121.0767,39.5973 -121.0095,39.6395 -121.0582,39.5370 -121.0221,39.3916 -121.1275,39.3802 -121.2661,39.2727 -121.2797,39.1433 -121.2795,39.0346 -121.3060,39.0529 -121.4148,38.9965 -121.5433,38.9724 -121.5754,38.9183 -121.6101,39.0578 -121.5859,39.0897 -121.6238,39.2956
